NACA 2112 Airfoil M=2.0% P=12.0% T=12.0%
  1.000000 -0.000000
  0.999020  0.000188
  0.996083  0.000750
  0.991201  0.001679
  0.984392  0.002966
  0.975683  0.004595
  0.965106  0.006549
  0.952702  0.008808
  0.938518  0.011348
  0.922610  0.014143
  0.905038  0.017165
  0.885870  0.020387
  0.865180  0.023778
  0.843049  0.027308
  0.819562  0.030945
  0.794811  0.034660
  0.768893  0.038420
  0.741908  0.042195
  0.713962  0.045953
  0.685166  0.049663
  0.655631  0.053292
  0.625475  0.056810
  0.594816  0.060183
  0.563774  0.063381
  0.532474  0.066371
  0.501037  0.069122
  0.469590  0.071602
  0.438258  0.073781
  0.407163  0.075631
  0.376432  0.077125
  0.346185  0.078240
  0.316544  0.078953
  0.287628  0.079248
  0.259552  0.079112
  0.232427  0.078537
  0.206364  0.077520
  0.181466  0.076062
  0.157832  0.074170
  0.135557  0.071856
  0.114026  0.069094
  0.092364  0.065108
  0.072879  0.059857
  0.055650  0.053664
  0.040723  0.046837
  0.028118  0.039651
  0.017831  0.032353
  0.009841  0.025148
  0.004113  0.018206
  0.000603  0.011652
 -0.000746  0.005569
  0.000000  0.000000
  0.002720 -0.004914
  0.007282 -0.009067
  0.013599 -0.012520
  0.021576 -0.015362
  0.031113 -0.017702
  0.042105 -0.019668
  0.054450 -0.021402
  0.068043 -0.023058
  0.082793 -0.024795
  0.098619 -0.026777
  0.115461 -0.029171
  0.135474 -0.031868
  0.157621 -0.034243
  0.181110 -0.036256
  0.205851 -0.037903
  0.231746 -0.039186
  0.258695 -0.040112
  0.286593 -0.040690
  0.315331 -0.040936
  0.344798 -0.040866
  0.374878 -0.040501
  0.405455 -0.039865
  0.436409 -0.038983
  0.467619 -0.037879
  0.498963 -0.036581
  0.530317 -0.035113
  0.561559 -0.033503
  0.592566 -0.031773
  0.623215 -0.029948
  0.653386 -0.028049
  0.682959 -0.026097
  0.711817 -0.024110
  0.739846 -0.022107
  0.766934 -0.020104
  0.792974 -0.018117
  0.817862 -0.016162
  0.841498 -0.014254
  0.863789 -0.012407
  0.884643 -0.010636
  0.903979 -0.008955
  0.921718 -0.007380
  0.937788 -0.005923
  0.952125 -0.004599
  0.964671 -0.003421
  0.975374 -0.002401
  0.984191 -0.001550
  0.991086 -0.000878
  0.996032 -0.000392
  0.999007 -0.000098
  1.000000  0.000000